
data[0] = 3.422000
data[1] = 45.332001
data[2] = 554.320007
data[3] = 543.229980
data[4] = 345.433014